l
47 | 1
r
48 | 2

l
52 | 42
r
53 | 42

l
44 | 45
r
44 | 46

l
44 | 48
r
45 | 47

l
45 | 48 49
46 | 48 50
r
46 | 49

l
48 | 50 51
49 | 51
r
49 | 50

l
51 | 51 52
52 | 53
r
52 | 52

l
18 | 48
r
19 | 47 48

l
18 | 48
r
17 | 48

l
17 | 48
r
16 | 48
17 | 49

l
17 | 49
r
16 | 50

l
16 | 48
r
15 | 47 48

l
14 | 47 48
15 | 47 48
r
13 | 46 47 48
14 | 46 49
15 | 46 49

l
13 | 50
14 | 51
15 | 50
r
13 | 51
14 | 52
15 | 51

l
13 | 48
r
12 | 48 49
13 | 47
14 | 48 49

l
12 | 48
r
12 | 49
13 | 47

l
10 | 47 48
11 | 45 46
r
9 | 46 47 48
10 | 46

l
10 | 47
r
11 | 46

l
5 | 58
6 | 60
r
4 | 58 59
5 | 60

l
18 | 51
19 | 51
r
18 | 52

l
26 | 28
r
25 | 28

l
9 | 19
r
8 | 19

l
6 | 30 31
r
5 | 30

l
9 | 28
r
8 | 28 29

l
13 | 27
r
12 | 28
13 | 28

l
21 | 27
r
21 | 26 28

l
20 | 32
r
20 | 31
21 | 31

l
6 | 51
r
7 | 51

l
17 | 25
18 | 24
r
17 | 24

l
22 | 36
r
21 | 36
22 | 37
23 | 35 36

l
23 | 35
r
23 | 36

l
19 | 43
r
18 | 43
19 | 42 44
