SAVA

l
43 | 48
44 | 49 50 51
45 | 51
46 | 52 53
47 | 53 54
48 | 55 56 58 61
49 | 56 57 58 59 60

r
43 | 49 50 51
44 | 52
45 | 52 53
46 | 54 55
47 | 55 56 57 58
48 | 57 59 60

DONAU

l
34 | 45 46 47
35 | 42 43 44 47
36 | 48 49
37 | 49 50 52
38 | 51 52 53 54
39 | 54 55
40 | 56 57
41 | 56
42 | 57
43 | 56
44 | 57
45 | 56
46 | 57
47 | 57 58 59
48 | 60 61 62
49 | 62 63

r
33 | 44 45 46 47
34 | 42 43 44 48
35 | 41 48 49
36 | 50 51 52 53
37 | 51 53 54
38 | 55 56
39 | 56 57
40 | 58
41 | 57
42 | 58
43 | 57
44 | 58
45 | 57
46 | 58 59 60
47 | 60 61 62
48 | 63


DONAUe

l
39 | 57
48 | 61

r
40 | 58
48 | 62

WISTA

l
20 | 59
21 | 58
22 | 58 59
23 | 57
24 | 58
25 | 58 59
26 | 60 61 62 63

r
20 | 60
21 | 59
22 | 60
23 | 58 59
24 | 59 60
25 | 60 61 62 63

WISTAe

l
26 | 62
27 | 62
28 | 62
29 | 62 63

r
26 | 63
27 | 63
28 | 63

ODER

l
20 | 53
21 | 52
22 | 52
23 | 51
24 | 52
25 | 51
26 | 52 53 54
27 | 54
28 | 54
29 | 54 55
30 | 56
31 | 56
32 | 57

r
20 | 54
21 | 53
22 | 53
23 | 52
24 | 53
25 | 52 53 54
26 | 55
27 | 55
28 | 55 56
29 | 56
30 | 57
31 | 57
32 | 58

ODERe

l
19 | 51
20 | 51 53
21 | 51 52
26 | 54

r
20 | 52
27 | 54

ELBE

l
19 | 44
20 | 45
21 | 45 46
22 | 47 48
23 | 47 48
24 | 47
25 | 47
26 | 48 49
27 | 49
28 | 50
29 | 50
30 | 51

r
18 | 45
19 | 45
20 | 46 47
21 | 47 48
22 | 49
23 | 49
24 | 48 49
25 | 48 49
26 | 50
27 | 50
28 | 51
29 | 51
30 | 52

PO

l
43 | 37 38
44 | 39 40 41
45 | 41 42
46 | 43 44 45

r
42 | 37 38 39
43 | 39 40 41
44 | 42 43
45 | 43 44

TEVERE

l
52 | 43
53 | 43
54 | 43

r
52 | 44
53 | 44
54 | 45
55 | 43 44

GUADALQUIVIR

l
53 | 4 5 6 7 8 9
54 | 4 10 11

r
54 | 5 6 7 8 9
55 | 4 9 10

TAJO

l
45 | 2 3 4 5
46 | 1 2 6 7 8
47 | 8 9
48 | 10 11 12

r
46 | 3 4 5
47 | 1 2 5 6 7
48 | 8 9
49 | 9 10 11 12

TAJOe

l
48 | 10

r
48 | 11

DUERO

l
41 | 5 6 7
42 | 8 9 10 11
43 | 11 12 13 14
44 | 15
45 | 15

r
42 | 5 6 7
43 | 7 8 9 10
44 | 11 12 13 14
45 | 14
46 | 15 16

EBRO

l
43 | 16
44 | 17 18
45 | 18
46 | 19
47 | 19
48 | 19
49 | 19 20
50 | 20
51 | 20

r
42 | 17
43 | 17
44 | 19
45 | 19
46 | 20
47 | 20
48 | 20 21
49 | 21
50 | 21

GARONNE

l
37 | 22
38 | 23
39 | 22
40 | 23
41 | 23
42 | 24
43 | 24

r
37 | 23
38 | 24
39 | 23
40 | 24
41 | 24
42 | 25
43 | 25
44 | 25

GARONNEe

l
41 | 24
42 | 25

LOIRE

l
32 | 23 24 25 26 27 28 29 30
33 | 30
34 | 30
35 | 30
36 | 31
37 | 31
38 | 31
39 | 31

r
31 | 23 24 25 26 27 28 29 30
32 | 31
33 | 31
34 | 31
35 | 31
36 | 32
37 | 32
38 | 32

SEINE

l
26 | 28
27 | 28 29
28 | 30
29 | 30
30 | 31
31 | 31 32
32 | 33

r
26 | 29 30
27 | 30
28 | 31
29 | 31
30 | 32 33
31 | 33

MEUSE

l
23 | 36 37 38
24 | 38
25 | 36 37
26 | 36
27 | 35
28 | 35
29 | 35
30 | 36
31 | 35
32 | 36

r
22 | 37 38 39
23 | 39
24 | 39
25 | 38
26 | 37 38
27 | 36
28 | 36
29 | 36
30 | 37
31 | 36

RHEIN

l
22 | 36 37 38
23 | 38
24 | 39
25 | 39
26 | 40
27 | 40
28 | 40
29 | 40 41
30 | 41
31 | 40 41
32 | 41
33 | 40
34 | 40
35 | 39
36 | 39 40 41
37 | 41
38 | 41

r
21 | 36 37 38
22 | 39
23 | 39
24 | 40
25 | 40
26 | 41
27 | 41
28 | 41 42
29 | 42
30 | 42
31 | 42
32 | 41 42
33 | 40
34 | 40
35 | 39 40 41
36 | 42
37 | 42
38 | 42

RHEINe

l
23 | 36 37 38
35 | 38

r
22 | 37 38
36 | 39

RHONE

l
38 | 35 36 37
39 | 32 33 34 37 38
40 | 32
41 | 31
42 | 31
43 | 30
44 | 31
45 | 30

r
39 | 35 36 39
40 | 33 34 35 37 38 39
41 | 32
42 | 32
43 | 31
44 | 32
45 | 31

SHANNON

l
7 | 21
8 | 21
9 | 18 19 20

r
7 | 22
8 | 22
9 | 21
10 | 18 29 20 21

SUIR

l
12 | 20
13 | 20

r
12 | 21

BARROW

l
12 | 21

r
12 | 22
13 | 21

OUSE

l
12 | 30
13 | 30
14 | 31 32

r
12 | 31
13 | 31

TRENT

l
13 | 30
14 | 30
15 | 29

r
14 | 31
15 | 30

SEVERN

l
15 | 27
16 | 27
17 | 25 26 27

r
14 | 28
15 | 28
16 | 28
17 | 28
18 | 26 27 28

THAMES

l
19 | 28
20 | 29
21 | 29 30 31

r
18 | 29
19 | 29
20 | 30 31
